1727788391534
1727788393446
1727788440806
1727788470920
1727788474066
1727788474773
1727788475378
1727788475814
1727788476233
1727788476635
1727788561898
1727788564176
1727788565103
1727788565739
1727788566300
1727788566826
1727788567281
1727788793270
1727788833347
1727789308292
1727789344959
1727789685291
1727789709840
1727789712958
1727789718405
1727789721034
1727789770181
1727789771966
1727789916318
1727789916318
1727789919840
1727803496056
1727803508166
1727803510225
1727803571051
1727803578647
1727803608437
1727803621577
1727803627927
1727803651674
1727803938314
1727803955308
1727803966409
1727804003735
1727804007818
1727804010745
1727804022690
1727804287144
1727804287769
